y(0) = 0
y(1) = 0.587785
y(0) = 0
y(3) = 0.951057
y(4) = 0.587785
y(2) = 0.951057
y(5) = -5.28918e-10
y(7) = -0.951057
y(6) = -0.587785
y(8) = -0.951066
y(9) = -0.587902
y(0) = 0
y(1) = 0.587785
y(4) = 0.587785
y(2) = 0.951057
y(3) = 0.951057
y(5) = -5.28918e-10
y(6) = -0.587785
y(7) = -0.951057
y(8) = -0.951066
y(9) = -0.587902
